                   0                   0                   0   0.000041335978827   0.000075231481370  -0.000376157407442  -0.000225970018823   0.001129850077056   0.000158730126305  -0.000793650843372  0
                   0   0.000011022927688   0.000107473544916  -0.000429894179814  -0.001099537036068   0.004398148146549   0.003474977947831  -0.013899911805716  -0.002480158731181   0.009920634840782  0
   0.000012400793646  -0.000037202380947  -0.000570436507686   0.001711309523465   0.007552083329061  -0.022656249993086  -0.026835317431832   0.080505952335331   0.019841269840801  -0.059523809189404  0
  -0.000033068783056   0.000066137566123   0.001686507935861  -0.003373015872133  -0.027083333322231   0.054166666648871   0.144477513151582  -0.288955026340296  -0.119047619033375   0.238095237263028  0
   0.000057870370349  -0.000057870370345  -0.003124999998905   0.003124999998511   0.056076388869982  -0.056076388859024  -0.386342592462146   0.386342592400531   0.833333333295399  -0.833333331929352  0
  -0.000069444444420                   0   0.003819444443176                   0  -0.071041666644641                   0   0.530902777625073                   0  -1.463611111041102                   0  1
   0.000057870370351   0.000057870370394  -0.003124999998981  -0.003125000001393   0.056076388871127   0.056076388916611  -0.386342592467526  -0.386342592767183   0.833333333276735   0.833333334608018  0
  -0.000033068783058  -0.000066137566151   0.001686507935948   0.003373015873788  -0.027083333323521  -0.054166666681986   0.144477513157738   0.288955026550223  -0.119047619013462  -0.238095238794774  0
   0.000012400793647   0.000037202380957  -0.000570436507735  -0.001711309524091   0.007552083329774   0.022656250005482  -0.026835317435306  -0.080505952416852   0.019841269824308   0.059523809775650  0
                   0  -0.000011022927691   0.000107473544930   0.000429894179955  -0.001099537036271  -0.004398148149286   0.003474977949040   0.013899911825376  -0.002480158724290  -0.009920634973228  0
                   0                   0                   0  -0.000041335978842   0.000075231481410   0.000376157407544  -0.000225970016967  -0.001129850088303   0.000158730160024   0.000793650801281  0